1 2 964
1 3 997
1 4 990
1 5 953
1 7 937
1 8 999
1 9 969
1 10 994
1 11 899
1 12 993
1 13 959
1 14 893
2 1 964
2 3 999
2 4 999
2 5 849
2 6 990
2 7 904
2 8 983
2 9 219
2 10 964
2 11 999
2 12 985
2 13 160
2 14 826
3 1 997
3 4 541
3 5 937
3 6 998
3 7 823
3 8 995
3 9 837
3 13 221
3 14 916
4 1 990
4 2 999
4 3 541
4 5 915
4 6 218
4 7 679
4 8 218
4 9 215
4 10 992
4 11 978
4 12 988
4 13 216
4 14 221
5 1 953
5 3 937
5 4 915
5 6 608
5 7 804
5 8 436
5 10 968
5 11 907
5 12 275
5 13 215
5 14 215
6 1 998
6 2 990
6 3 998
6 4 218
6 5 608
6 7 823
6 8 951
6 9 612
6 10 946
6 12 219
6 13 518
6 14 902
7 1 937
7 2 904
7 3 823
7 4 679
7 5 804
7 6 823
7 8 215
7 9 820
7 11 563
7 13 215
7 14 218
8 1 999
8 2 983
8 3 995
8 4 218
8 5 436
8 6 951
8 7 215
8 9 236
8 10 975
8 11 167
8 12 226
8 13 683
8 14 777
9 2 219
9 3 837
9 4 215
9 7 820
9 8 236
9 13 265
10 1 994
10 2 964
10 3 957
10 4 992
10 5 968
10 6 946
10 7 821
10 8 975
10 9 806
10 11 965
10 12 932
10 14 217
11 1 899
11 2 999
11 4 978
11 5 907
11 7 563
11 8 167
11 10 965
11 12 990
12 3 981
12 4 988
12 5 275
12 6 219
12 7 849
12 8 226
12 11 990
12 13 215
12 14 215
13 1 959
13 2 160
13 3 221
13 4 216
13 5 215
13 6 518
13 7 215
13 8 683
13 9 265
13 12 215
13 14 341
14 1 893
14 2 826
14 3 916
14 4 221
14 5 215
14 6 902
14 7 218
14 8 777
14 10 217
14 12 215
14 13 341
