1 2 964
1 3 997
1 4 990
1 5 953
1 7 937
1 8 999
1 9 969
1 10 994
1 11 899
1 12 993
1 13 959
1 14 893
1 16 849
1 17 475
1 19 997
1 21 942
1 22 973
1 23 832
1 24 824
1 25 373
1 26 468
1 28 260
1 29 968
1 30 929
1 31 218
1 32 226
1 33 902
1 34 300
1 35 555
1 36 959
1 37 953
1 39 327
2 1 964
2 3 999
2 4 999
2 5 849
2 6 990
2 7 904
2 8 983
2 9 219
2 10 964
2 11 999
2 12 985
2 13 160
2 14 826
2 15 215
2 16 999
2 17 330
2 19 999
2 20 216
2 21 215
2 22 998
2 23 807
2 24 215
2 25 400
2 26 935
2 28 996
2 29 933
2 30 215
2 31 838
2 32 278
2 33 843
2 34 795
2 35 215
2 36 215
2 38 699
2 39 999
3 1 997
3 4 541
3 5 937
3 6 998
3 7 823
3 8 995
3 9 837
3 13 221
3 14 916
3 16 812
3 17 862
3 19 982
3 20 275
3 21 217
3 23 215
3 24 215
3 25 440
3 26 837
3 28 930
3 29 279
3 31 617
3 32 300
3 33 308
3 34 555
3 36 256
3 37 538
3 38 278
3 39 314
4 1 990
4 2 999
4 3 541
4 5 915
4 6 218
4 7 679
4 8 218
4 9 215
4 10 992
4 11 978
4 12 988
4 13 216
4 14 221
4 15 215
4 16 963
4 19 999
4 20 304
4 21 218
4 22 661
4 23 993
4 24 948
4 25 168
4 28 187
4 29 781
4 30 427
4 31 825
4 33 319
4 35 922
4 37 215
4 38 826
4 39 711
5 1 953
5 3 937
5 4 915
5 6 608
5 7 804
5 8 436
5 10 968
5 11 907
5 12 275
5 13 215
5 14 215
5 16 215
5 17 215
5 19 788
5 20 215
5 21 215
5 23 278
5 25 905
5 28 227
5 29 168
5 31 151
5 32 353
5 33 227
5 34 623
5 35 156
5 37 986
6 1 998
6 2 990
6 3 998
6 4 218
6 5 608
6 7 823
6 8 951
6 9 612
6 10 946
6 12 219
6 13 518
6 14 902
6 16 486
6 17 974
6 19 656
6 20 956
6 21 934
6 22 196
6 23 173
6 24 382
6 25 351
6 26 972
6 28 568
6 29 943
6 30 954
6 31 846
6 32 914
6 33 545
6 34 218
6 36 260
6 37 361
6 38 172
6 39 235
7 1 937
7 2 904
7 3 823
7 4 679
7 5 804
7 6 823
7 8 215
7 9 820
7 11 563
7 13 215
7 14 218
7 16 601
7 17 194
7 19 322
7 21 232
7 23 215
7 24 268
7 25 325
7 26 563
7 27 171
7 28 466
7 29 215
7 31 813
7 32 528
7 33 363
7 34 312
7 36 326
7 37 929
7 39 219
8 1 999
8 2 983
8 3 995
8 4 218
8 5 436
8 6 951
8 7 215
8 9 236
8 10 975
8 11 167
8 12 226
8 13 683
8 14 777
8 15 225
8 16 482
8 17 732
8 19 992
8 20 732
8 21 921
8 22 656
8 24 373
8 26 821
8 29 275
8 33 370
8 37 168
8 39 963
9 2 219
9 3 837
9 4 215
9 7 820
9 8 236
9 13 265
9 16 832
9 17 281
9 19 215
9 20 230
9 21 215
9 22 215
9 24 224
9 25 155
9 26 922
9 28 215
9 29 225
9 30 245
9 31 217
9 32 292
9 33 607
9 34 217
9 36 389
9 39 216
10 1 994
10 2 964
10 3 957
10 4 992
10 5 968
10 6 946
10 7 821
10 8 975
10 9 806
10 11 965
10 12 932
10 14 217
10 15 215
10 16 961
10 17 278
10 19 961
10 20 980
10 21 964
10 22 286
10 24 946
10 25 181
10 26 282
10 28 834
10 29 999
10 30 562
10 31 192
10 33 710
10 35 786
10 37 218
10 38 224
10 39 287
11 1 899
11 2 999
11 4 978
11 5 907
11 7 563
11 8 167
11 10 965
11 12 990
11 16 899
11 19 999
11 21 224
11 23 996
11 24 913
11 25 899
11 29 168
11 31 210
11 34 281
11 35 924
11 39 977
12 3 981
12 4 988
12 5 275
12 6 219
12 7 849
12 8 226
12 11 990
12 13 215
12 14 215
12 16 231
12 17 215
12 19 668
12 20 215
12 21 215
12 23 217
12 24 215
12 25 217
12 26 307
12 27 162
12 28 514
12 29 275
12 31 192
12 32 288
12 33 232
12 34 215
12 36 215
12 37 275
13 1 959
13 2 160
13 3 221
13 4 216
13 5 215
13 6 518
13 7 215
13 8 683
13 9 265
13 12 215
13 14 341
13 16 569
13 17 839
13 19 219
13 20 929
13 21 215
13 22 348
13 23 721
13 24 954
13 29 576
13 30 446
13 33 282
13 34 270
13 36 474
13 39 783
14 1 893
14 2 826
14 3 916
14 4 221
14 5 215
14 6 902
14 7 218
14 8 777
14 10 217
14 12 215
14 13 341
14 16 230
14 17 422
14 19 311
14 22 218
14 23 356
14 25 286
14 26 262
14 28 476
14 31 218
14 34 820
14 35 221
14 36 218
14 37 365
14 39 350
15 2 215
15 4 215
15 8 225
15 10 215
15 16 215
15 19 215
15 24 215
15 26 215
15 28 217
15 29 215
15 31 218
15 33 215
15 38 215
16 1 849
16 3 812
16 4 963
16 5 215
16 6 486
16 7 601
16 8 482
16 11 899
16 12 231
16 13 569
16 14 230
16 15 215
16 17 217
16 19 956
16 20 726
16 21 231
16 22 826
16 24 812
16 26 647
16 28 302
16 29 810
16 30 212
16 31 288
16 35 198
16 38 274
16 39 352
17 1 475
17 2 330
17 3 862
17 5 215
17 6 974
17 7 194
17 8 732
17 9 281
17 10 278
17 12 215
17 13 839
17 14 422
17 16 217
17 19 353
17 20 386
17 21 215
17 22 417
17 23 167
17 24 691
17 26 321
17 28 218
17 29 217
17 30 967
17 33 218
17 34 612
17 39 385
18 22 210
18 33 154
19 4 999
19 5 788
19 7 322
19 8 992
19 9 215
19 10 961
19 11 999
19 12 668
19 13 219
19 14 311
19 15 215
19 16 956
19 17 353
19 20 315
19 21 215
19 22 899
19 24 216
19 25 288
19 26 200
19 29 321
19 30 283
19 32 173
19 33 981
19 35 324
19 37 217
19 39 305
20 1 418
20 2 216
20 3 275
20 4 304
20 5 215
20 6 956
20 8 732
20 9 230
20 10 980
20 12 215
20 13 929
20 16 726
20 17 386
20 19 315
20 21 996
20 22 796
20 24 999
20 25 286
20 26 687
20 29 979
20 30 908
20 33 976
20 36 290
21 1 942
21 2 215
21 3 217
21 4 218
21 5 215
21 6 934
21 7 232
21 8 921
21 9 215
21 10 964
21 11 224
21 12 215
21 13 215
21 16 231
21 17 215
21 19 215
21 20 996
21 22 217
21 23 910
21 24 993
21 29 418
21 30 998
21 31 215
21 32 215
21 33 870
21 37 229
22 1 973
22 2 998
22 4 661
22 6 196
22 8 656
22 9 215
22 10 286
22 13 348
22 14 218
22 16 826
22 17 417
22 18 210
22 19 899
22 20 796
22 21 217
22 24 891
22 30 223
22 33 834
22 38 172
22 39 857
23 2 807
23 3 215
23 4 993
23 5 278
23 6 173
23 7 215
23 9 800
23 11 996
23 12 217
23 13 721
23 14 356
23 17 167
23 24 501
23 26 844
23 29 277
23 31 217
23 33 235
23 39 619
24 1 824
24 2 215
24 3 215
24 4 948
24 6 382
24 7 268
24 8 373
24 9 224
24 11 913
24 12 215
24 13 954
24 15 215
24 16 812
24 17 691
24 19 216
24 20 999
24 21 993
24 22 891
24 23 501
24 26 669
24 28 932
24 29 277
24 30 999
24 31 514
24 33 216
24 34 278
24 39 293
25 1 373
25 2 400
25 3 440
25 4 168
25 5 905
25 6 351
25 7 325
25 9 155
25 10 181
25 11 899
25 12 217
25 14 286
25 19 288
25 20 286
25 28 291
25 31 323
25 33 226
25 34 262
25 36 229
25 37 232
26 3 837
26 6 972
26 7 563
26 8 821
26 9 922
26 10 282
26 12 307
26 14 262
26 15 215
26 16 647
26 17 321
26 19 200
26 20 687
26 24 669
26 28 218
26 29 216
26 30 650
26 31 594
26 33 800
26 38 232
26 39 235
27 7 171
27 12 162
28 1 260
28 2 996
28 3 930
28 4 187
28 5 227
28 6 568
28 7 466
28 9 215
28 12 514
28 14 476
28 15 217
28 16 302
28 17 218
28 24 932
28 25 291
28 26 218
28 29 215
28 31 791
28 32 285
28 33 216
28 36 217
28 37 279
28 38 491
29 1 968
29 2 933
29 3 279
29 4 781
29 5 168
29 6 943
29 7 215
29 8 275
29 9 225
29 11 168
29 12 275
29 13 576
29 15 215
29 16 810
29 17 217
29 19 321
29 20 979
29 21 418
29 23 277
29 24 277
29 26 216
29 28 215
29 30 286
29 32 283
29 33 367
29 35 818
29 37 235
29 38 221
29 39 346
30 1 929
30 2 215
30 4 427
30 6 954
30 9 245
30 10 562
30 13 446
30 16 212
30 17 967
30 19 283
30 20 908
30 21 998
30 22 223
30 24 999
30 26 650
30 29 286
30 33 650
30 39 416
31 1 218
31 2 838
31 3 617
31 4 825
31 5 151
31 6 846
31 7 813
31 9 217
31 10 192
31 11 210
31 12 192
31 14 218
31 15 218
31 16 288
31 21 215
31 23 217
31 24 514
31 25 323
31 26 594
31 28 791
31 33 217
31 34 218
31 36 218
31 38 229
32 1 226
32 2 278
32 3 300
32 5 353
32 6 914
32 7 528
32 9 292
32 12 288
32 19 173
32 21 215
32 28 285
32 29 283
32 33 157
32 34 154
32 36 291
32 37 302
33 1 902
33 3 308
33 4 319
33 5 227
33 6 545
33 7 363
33 8 370
33 9 607
33 10 710
33 12 232
33 13 282
33 15 215
33 17 218
33 18 154
33 19 981
33 20 976
33 22 834
33 23 235
33 24 216
33 25 226
33 26 800
33 28 216
33 29 367
33 30 650
33 31 217
33 32 157
33 36 217
34 1 300
34 2 795
34 3 555
34 5 623
34 6 218
34 7 312
34 9 217
34 11 281
34 12 215
34 13 270
34 14 820
34 17 612
34 24 278
34 25 262
34 31 218
34 32 154
34 37 442
35 1 555
35 2 215
35 4 922
35 5 156
35 10 786
35 11 924
35 14 221
35 16 198
35 19 324
35 29 818
35 33 800
36 1 959
36 2 215
36 3 256
36 6 260
36 7 326
36 9 389
36 12 215
36 13 474
36 14 218
36 20 290
36 25 229
36 28 217
36 31 218
36 32 291
36 33 217
36 37 219
37 1 953
37 2 930
37 3 538
37 4 215
37 5 986
37 6 361
37 7 929
37 8 168
37 10 218
37 12 275
37 14 365
37 19 217
37 21 229
37 25 232
37 28 279
37 29 235
37 32 302
37 34 442
37 36 219
37 39 347
38 2 699
38 3 278
38 4 826
38 6 172
38 10 224
38 15 215
38 16 274
38 22 172
38 26 232
38 28 491
38 29 221
38 31 229
38 39 832
39 1 327
39 2 999
39 3 314
39 4 711
39 6 235
39 7 219
39 8 963
39 9 216
39 10 287
39 11 977
39 13 783
39 14 350
39 16 352
39 17 385
39 19 305
39 22 857
39 23 619
39 24 293
39 26 235
39 29 346
39 30 416
39 37 347
39 38 832
