1 2 964
1 3 997
1 4 990
1 5 953
1 7 937
1 8 999
2 1 964
2 3 999
2 4 999
2 5 849
2 6 990
2 7 904
2 8 983
3 1 997
3 4 541
3 5 937
3 6 998
3 7 823
3 8 995
4 1 990
4 2 999
4 3 541
4 5 915
4 6 218
4 7 679
4 8 218
5 1 953
5 3 937
5 4 915
5 6 608
5 7 804
5 8 436
6 1 998
6 2 990
6 3 998
6 4 218
6 5 608
6 7 823
6 8 951
7 1 937
7 2 904
7 3 823
7 4 679
7 5 804
7 6 823
7 8 215
8 1 999
8 2 983
8 3 995
8 4 218
8 5 436
8 6 951
8 7 215
