1 2 964
1 3 997
1 4 990
1 5 953
1 7 937
1 8 999
1 9 969
1 10 994
1 11 899
1 12 993
1 13 959
1 14 893
1 16 849
1 17 475
1 19 997
1 21 942
1 22 973
1 23 832
1 24 824
1 25 373
1 26 468
1 28 260
1 29 968
1 30 929
1 31 218
1 32 226
1 33 902
1 34 300
1 35 555
1 36 959
1 37 953
1 39 327
1 40 282
1 42 302
1 43 215
1 44 454
1 47 759
1 48 945
1 50 947
1 52 849
1 54 665
1 55 837
1 57 417
1 59 974
1 60 430
1 61 818
1 64 221
1 69 156
1 70 848
1 72 160
1 73 235
1 76 446
1 78 157
1 79 833
1 83 687
1 84 215
1 86 172
1 89 158
1 91 216
1 92 229
1 93 221
1 94 453
1 96 899
1 98 836
1 99 243
1 100 286
1 102 724
1 104 168
1 105 216
1 107 217
1 109 548
1 119 159
1 122 416
1 124 291
1 125 221
1 126 398
1 129 193
1 131 188
1 138 221
1 139 216
1 140 157
1 149 188
1 162 160
1 172 332
1 175 180
1 176 168
2 1 964
2 3 999
2 4 999
2 5 849
2 6 990
2 7 904
2 8 983
2 9 219
2 10 964
2 11 999
2 12 985
2 13 160
2 14 826
2 15 215
2 16 999
2 17 330
2 19 999
2 20 216
2 21 215
2 22 998
2 23 807
2 24 215
2 25 400
2 26 935
2 28 996
2 29 933
2 30 215
2 31 838
2 32 278
2 33 843
2 34 795
2 35 215
2 36 215
2 38 699
2 39 999
2 40 959
2 41 747
2 42 362
2 43 925
2 45 788
2 47 548
2 48 568
2 49 999
2 50 216
2 51 230
2 52 227
2 54 961
2 55 215
2 56 591
2 57 226
2 58 999
2 59 819
2 60 394
2 61 358
2 62 391
2 64 998
2 65 985
2 66 999
2 67 216
2 68 655
2 69 692
2 72 553
2 74 201
2 75 961
2 76 190
2 77 843
2 79 746
2 80 907
2 81 997
2 84 215
2 85 318
2 90 659
2 91 277
2 92 311
2 93 740
2 94 870
2 99 216
2 104 978
2 105 297
2 107 696
2 111 683
2 118 393
2 119 815
2 125 386
2 131 384
2 133 429
2 134 277
2 137 353
2 138 221
2 147 466
2 150 226
2 153 219
2 156 180
2 167 217
2 169 165
3 1 997
3 4 541
3 5 937
3 6 998
3 7 823
3 8 995
3 9 837
3 13 221
3 14 916
3 16 812
3 17 862
3 19 982
3 20 275
3 21 217
3 23 215
3 24 215
3 25 440
3 26 837
3 28 930
3 29 279
3 31 617
3 32 300
3 33 308
3 34 555
3 36 256
3 37 538
3 38 278
3 39 314
3 40 298
3 41 503
3 42 297
3 43 218
3 44 454
3 45 282
3 47 218
3 48 599
3 49 221
3 54 165
3 55 305
3 56 966
3 57 307
3 58 217
3 59 277
3 60 345
3 61 174
3 64 173
3 65 197
3 68 686
3 69 224
3 70 494
3 72 247
3 73 223
3 75 215
3 77 267
3 79 399
3 80 635
3 83 899
3 89 443
3 91 290
3 92 531
3 93 306
3 100 219
3 102 159
3 107 754
3 115 346
3 118 234
3 119 828
3 125 240
3 126 289
3 129 160
3 133 154
3 138 240
3 144 284
3 148 319
3 150 249
3 153 950
3 156 461
3 169 283
4 1 990
4 2 999
4 3 541
4 5 915
4 6 218
4 7 679
4 8 218
4 9 215
4 10 992
4 11 978
4 12 988
4 13 216
4 14 221
4 15 215
4 16 963
4 19 999
4 20 304
4 21 218
4 22 661
4 23 993
4 24 948
4 25 168
4 28 187
4 29 781
4 30 427
4 31 825
4 33 319
4 35 922
4 37 215
4 38 826
4 39 711
4 40 368
4 41 275
4 42 274
4 43 992
4 45 573
4 47 999
4 48 277
4 49 873
4 50 899
4 52 218
4 54 191
4 55 216
4 57 799
4 58 643
4 59 834
4 61 221
4 62 765
4 63 217
4 64 307
4 65 920
4 67 704
4 68 219
4 70 339
4 71 183
4 72 229
4 74 318
4 75 285
4 77 607
4 78 282
4 79 152
4 80 243
4 85 313
4 89 216
4 90 700
4 91 869
4 92 221
4 94 685
4 101 351
4 105 221
4 113 326
4 118 606
4 122 285
4 125 191
4 134 251
4 135 819
4 137 827
4 138 838
4 142 373
4 146 252
4 169 257
5 1 953
5 3 937
5 4 915
5 6 608
5 7 804
5 8 436
5 10 968
5 11 907
5 12 275
5 13 215
5 14 215
5 16 215
5 17 215
5 19 788
5 20 215
5 21 215
5 23 278
5 25 905
5 28 227
5 29 168
5 31 151
5 32 353
5 33 227
5 34 623
5 35 156
5 37 986
5 40 218
5 41 229
5 43 216
5 44 389
5 45 216
5 48 151
5 49 283
5 50 215
5 54 221
5 55 276
5 57 456
5 58 216
5 59 215
5 60 280
5 64 215
5 65 215
5 66 430
5 67 330
5 68 215
5 69 153
5 70 803
5 75 217
5 77 567
5 78 160
5 79 215
5 80 261
5 82 218
5 85 288
5 87 159
5 91 280
5 97 395
5 99 174
5 101 418
5 107 272
5 118 287
5 119 437
5 122 284
5 124 162
5 125 230
5 127 703
5 130 221
5 135 993
5 136 252
5 142 245
5 146 238
5 150 517
5 152 165
5 153 227
5 154 975
6 1 998
6 2 990
6 3 998
6 4 218
6 5 608
6 7 823
6 8 951
6 9 612
6 10 946
6 12 219
6 13 518
6 14 902
6 16 486
6 17 974
6 19 656
6 20 956
6 21 934
6 22 196
6 23 173
6 24 382
6 25 351
6 26 972
6 28 568
6 29 943
6 30 954
6 31 846
6 32 914
6 33 545
6 34 218
6 36 260
6 37 361
6 38 172
6 39 235
6 40 221
6 42 224
6 44 977
6 47 235
6 48 947
6 49 246
6 53 278
6 54 299
6 55 476
6 56 180
6 57 217
6 59 151
6 60 879
6 61 621
6 64 385
6 65 264
6 68 631
6 69 434
6 70 543
6 77 365
6 81 357
6 83 924
6 85 633
6 90 224
6 92 243
6 94 385
6 96 899
6 98 840
6 107 255
6 110 345
6 112 165
6 119 899
6 125 825
6 126 235
6 133 291
6 138 291
6 144 383
6 153 278
7 1 937
7 2 904
7 3 823
7 4 679
7 5 804
7 6 823
7 8 215
7 9 820
7 11 563
7 13 215
7 14 218
7 16 601
7 17 194
7 19 322
7 21 232
7 23 215
7 24 268
7 25 325
7 26 563
7 27 171
7 28 466
7 29 215
7 31 813
7 32 528
7 33 363
7 34 312
7 36 326
7 37 929
7 39 219
7 41 948
7 42 217
7 43 218
7 44 177
7 47 379
7 48 369
7 49 224
7 50 229
7 55 277
7 56 589
7 57 245
7 58 218
7 59 685
7 63 217
7 65 216
7 66 216
7 67 882
7 68 589
7 69 228
7 72 218
7 73 491
7 76 154
7 77 482
7 78 218
7 79 282
7 80 786
7 85 228
7 89 171
7 90 219
7 91 748
7 92 286
7 94 281
7 98 716
7 99 517
7 100 428
7 101 228
7 107 383
7 117 366
7 118 201
7 119 366
7 124 174
7 125 246
7 130 198
7 134 171
7 140 190
7 165 277
8 1 999
8 2 983
8 3 995
8 4 218
8 5 436
8 6 951
8 7 215
8 9 236
8 10 975
8 11 167
8 12 226
8 13 683
8 14 777
8 15 225
8 16 482
8 17 732
8 19 992
8 20 732
8 21 921
8 22 656
8 24 373
8 26 821
8 29 275
8 33 370
8 37 168
8 39 963
8 41 276
8 44 627
8 45 241
8 47 165
8 48 564
8 54 162
8 55 455
8 56 324
8 57 216
8 58 151
8 60 771
8 61 593
8 62 473
8 67 217
8 68 363
8 69 238
8 70 991
8 72 909
8 73 235
8 79 288
8 80 321
8 87 182
8 88 525
8 90 238
8 92 229
8 94 243
8 104 226
8 105 229
8 109 168
8 110 176
8 118 180
8 130 258
8 133 230
8 140 196
8 144 568
8 153 254
9 2 219
9 3 837
9 4 215
9 7 820
9 8 236
9 13 265
9 16 832
9 17 281
9 19 215
9 20 230
9 21 215
9 22 215
9 24 224
9 25 155
9 26 922
9 28 215
9 29 225
9 30 245
9 31 217
9 32 292
9 33 607
9 34 217
9 36 389
9 39 216
9 41 832
9 42 240
9 44 287
9 46 153
9 47 216
9 49 218
9 50 218
9 51 423
9 54 800
9 55 983
9 57 216
9 59 215
9 60 229
9 63 215
9 76 190
9 77 375
9 80 231
9 82 416
9 83 257
9 84 851
9 87 232
9 89 507
9 90 280
9 96 474
9 99 992
9 100 369
9 104 436
9 105 217
9 106 193
9 107 218
9 116 159
9 118 224
9 122 180
9 126 187
9 129 221
9 152 394
9 165 156
9 168 380
9 171 277
10 1 994
10 2 964
10 3 957
10 4 992
10 5 968
10 6 946
10 7 821
10 8 975
10 9 806
10 11 965
10 12 932
10 14 217
10 15 215
10 16 961
10 17 278
10 19 961
10 20 980
10 21 964
10 22 286
10 24 946
10 25 181
10 26 282
10 28 834
10 29 999
10 30 562
10 31 192
10 33 710
10 35 786
10 37 218
10 38 224
10 39 287
10 41 800
10 42 965
10 50 890
10 52 308
10 55 874
10 56 379
10 58 619
10 63 212
10 65 154
10 66 312
10 68 867
10 75 217
10 76 165
10 77 415
10 78 208
10 79 968
10 83 279
10 94 999
10 112 260
10 115 156
10 124 429
10 126 346
10 130 241
10 131 406
10 137 201
10 140 190
10 143 591
10 148 190
10 149 162
10 158 224
11 1 899
11 2 999
11 4 978
11 5 907
11 7 563
11 8 167
11 10 965
11 12 990
11 16 899
11 19 999
11 21 224
11 23 996
11 24 913
11 25 899
11 29 168
11 31 210
11 34 281
11 35 924
11 39 977
11 43 900
11 47 999
11 49 779
11 50 899
11 57 217
11 58 204
11 59 666
11 61 169
11 62 688
11 63 224
11 65 577
11 67 908
11 76 286
11 85 556
11 88 154
11 90 939
11 94 543
11 96 191
11 97 217
11 125 245
11 135 959
11 137 628
11 138 800
11 144 619
11 157 899
12 3 981
12 4 988
12 5 275
12 6 219
12 7 849
12 8 226
12 11 990
12 13 215
12 14 215
12 16 231
12 17 215
12 19 668
12 20 215
12 21 215
12 23 217
12 24 215
12 25 217
12 26 307
12 27 162
12 28 514
12 29 275
12 31 192
12 32 288
12 33 232
12 34 215
12 36 215
12 37 275
12 40 215
12 41 162
12 42 287
12 43 217
12 47 999
12 48 933
12 54 925
12 55 216
12 58 216
12 59 268
12 61 268
12 63 216
12 64 215
12 65 154
12 67 215
12 70 217
12 73 221
12 79 247
12 84 227
12 89 216
12 90 815
12 91 221
12 92 268
12 94 218
12 100 218
12 101 221
12 103 288
12 105 682
12 107 221
12 111 198
12 115 820
12 118 229
12 119 229
12 125 193
12 133 160
12 134 199
12 137 317
12 142 258
12 147 267
13 1 959
13 2 160
13 3 221
13 4 216
13 5 215
13 6 518
13 7 215
13 8 683
13 9 265
13 12 215
13 14 341
13 16 569
13 17 839
13 19 219
13 20 929
13 21 215
13 22 348
13 23 721
13 24 954
13 29 576
13 30 446
13 33 282
13 34 270
13 36 474
13 39 783
13 42 180
13 44 160
13 52 814
13 53 241
13 55 333
13 56 382
13 60 829
13 62 224
13 64 216
13 65 216
13 67 600
13 68 382
13 70 219
13 71 576
13 72 635
13 73 834
13 74 635
13 77 378
13 78 348
13 79 229
13 83 837
13 85 726
13 88 227
13 90 154
13 93 249
13 94 291
13 96 770
13 99 559
13 106 290
13 108 195
13 110 361
13 122 297
13 125 195
13 130 229
13 136 405
13 140 313
13 143 518
13 148 260
13 162 221
13 170 213
13 176 195
14 1 893
14 2 826
14 3 916
14 4 221
14 5 215
14 6 902
14 7 218
14 8 777
14 10 217
14 12 215
14 13 341
14 16 230
14 17 422
14 19 311
14 22 218
14 23 356
14 25 286
14 26 262
14 28 476
14 31 218
14 34 820
14 35 221
14 36 218
14 37 365
14 39 350
14 40 219
14 41 199
14 42 830
14 44 167
14 45 154
14 47 154
14 48 229
14 49 311
14 50 219
14 53 766
14 54 285
14 56 339
14 57 965
14 60 275
14 61 524
14 62 215
14 64 514
14 68 339
14 69 226
14 70 337
14 73 246
14 75 425
14 79 281
14 80 171
14 92 202
14 101 150
14 102 159
14 106 305
14 110 338
14 127 326
14 138 286
14 144 559
14 147 477
14 149 917
14 156 909
14 158 269
15 2 215
15 4 215
15 8 225
15 10 215
15 16 215
15 19 215
15 24 215
15 26 215
15 28 217
15 29 215
15 31 218
15 33 215
15 38 215
15 40 215
15 41 215
15 45 824
15 48 215
15 51 215
15 54 215
15 56 216
15 59 215
15 63 286
15 64 781
15 66 609
15 72 215
15 75 283
15 76 508
15 78 283
15 82 815
15 84 215
15 89 215
15 92 577
15 97 216
15 101 217
15 102 784
15 106 234
15 107 217
15 109 342
15 111 163
15 112 318
15 125 501
15 128 185
15 139 216
15 141 495
15 142 168
15 155 154
15 157 356
16 1 849
16 3 812
16 4 963
16 5 215
16 6 486
16 7 601
16 8 482
16 11 899
16 12 231
16 13 569
16 14 230
16 15 215
16 17 217
16 19 956
16 20 726
16 21 231
16 22 826
16 24 812
16 26 647
16 28 302
16 29 810
16 30 212
16 31 288
16 35 198
16 38 274
16 39 352
16 40 346
16 41 820
16 42 488
16 43 899
16 45 458
16 49 247
16 50 216
16 52 224
16 54 701
16 56 373
16 59 305
16 60 549
16 65 562
16 66 216
16 68 373
16 70 278
16 72 297
16 75 216
16 77 284
16 78 279
16 79 216
16 80 216
16 81 232
16 88 238
16 90 176
16 92 813
16 124 241
16 131 518
16 133 184
16 134 154
16 138 256
16 168 359
17 1 475
17 2 330
17 3 862
17 5 215
17 6 974
17 7 194
17 8 732
17 9 281
17 10 278
17 12 215
17 13 839
17 14 422
17 16 217
17 19 353
17 20 386
17 21 215
17 22 417
17 23 167
17 24 691
17 26 321
17 28 218
17 29 217
17 30 967
17 33 218
17 34 612
17 39 385
17 44 203
17 50 223
17 56 155
17 60 182
17 62 171
17 64 221
17 68 155
17 69 221
17 73 408
17 74 263
17 78 288
17 83 808
17 84 218
17 85 234
17 87 266
17 89 155
17 100 246
17 110 343
17 115 286
17 118 243
17 138 306
17 153 192
17 156 491
17 165 268
17 167 532
17 170 290
18 22 210
18 33 154
18 74 396
18 84 439
18 85 363
18 161 651
18 164 591
19 4 999
19 5 788
19 7 322
19 8 992
19 9 215
19 10 961
19 11 999
19 12 668
19 13 219
19 14 311
19 15 215
19 16 956
19 17 353
19 20 315
19 21 215
19 22 899
19 24 216
19 25 288
19 26 200
19 29 321
19 30 283
19 32 173
19 33 981
19 35 324
19 37 217
19 39 305
19 41 216
19 43 556
19 44 995
19 48 221
19 49 844
19 50 972
19 52 216
19 54 157
19 55 976
19 57 816
19 58 184
19 59 257
19 64 283
19 69 174
19 70 221
19 73 234
19 84 216
19 89 218
19 96 213
19 97 168
19 100 228
19 104 271
19 108 232
19 111 314
19 112 152
19 115 173
19 116 343
19 118 228
19 119 163
19 122 587
19 150 279
19 153 254
19 159 276
20 1 418
20 2 216
20 3 275
20 4 304
20 5 215
20 6 956
20 8 732
20 9 230
20 10 980
20 12 215
20 13 929
20 16 726
20 17 386
20 19 315
20 21 996
20 22 796
20 24 999
20 25 286
20 26 687
20 29 979
20 30 908
20 33 976
20 36 290
20 40 367
20 42 903
20 45 219
20 48 916
20 49 205
20 50 916
20 52 943
20 55 939
20 56 594
20 58 218
20 60 429
20 61 334
20 64 276
20 66 216
20 67 217
20 68 657
20 72 172
20 74 156
20 77 155
20 78 279
20 83 659
20 85 307
20 88 229
20 94 287
20 110 764
20 122 958
20 123 286
20 130 232
20 131 218
20 149 163
21 1 942
21 2 215
21 3 217
21 4 218
21 5 215
21 6 934
21 7 232
21 8 921
21 9 215
21 10 964
21 11 224
21 12 215
21 13 215
21 16 231
21 17 215
21 19 215
21 20 996
21 22 217
21 23 910
21 24 993
21 29 418
21 30 998
21 31 215
21 32 215
21 33 870
21 37 229
21 41 215
21 42 281
21 45 215
21 50 832
21 52 915
21 55 283
21 56 385
21 57 235
21 60 216
21 62 216
21 64 215
21 68 385
21 70 227
21 72 216
21 77 593
21 83 299
21 85 218
21 86 815
21 89 218
21 90 218
21 106 152
21 115 322
21 122 217
21 123 505
21 124 219
21 132 221
21 143 667
21 159 219
22 1 973
22 2 998
22 4 661
22 6 196
22 8 656
22 9 215
22 10 286
22 13 348
22 14 218
22 16 826
22 17 417
22 18 210
22 19 899
22 20 796
22 21 217
22 24 891
22 30 223
22 33 834
22 38 172
22 39 857
22 40 238
22 42 183
22 43 899
22 44 333
22 49 247
22 52 217
22 54 218
22 60 897
22 63 185
22 67 815
22 72 399
22 74 830
22 78 436
22 83 619
22 85 809
22 94 165
22 95 991
22 102 159
22 111 281
22 121 723
22 133 835
22 136 899
22 170 348
23 2 807
23 3 215
23 4 993
23 5 278
23 6 173
23 7 215
23 9 800
23 11 996
23 12 217
23 13 721
23 14 356
23 17 167
23 24 501
23 26 844
23 29 277
23 31 217
23 33 235
23 39 619
23 41 217
23 43 227
23 44 218
23 47 402
23 49 982
23 51 639
23 52 720
23 54 183
23 55 800
23 57 196
23 59 817
23 60 205
23 61 234
23 62 288
23 63 301
23 64 159
23 70 163
23 74 180
23 79 579
23 85 514
23 86 231
23 90 170
23 92 234
23 104 288
23 108 769
23 115 195
23 123 190
23 125 283
23 135 247
23 137 407
23 156 395
24 1 824
24 2 215
24 3 215
24 4 948
24 6 382
24 7 268
24 8 373
24 9 224
24 11 913
24 12 215
24 13 954
24 15 215
24 16 812
24 17 691
24 19 216
24 20 999
24 21 993
24 22 891
24 23 501
24 26 669
24 28 932
24 29 277
24 30 999
24 31 514
24 33 216
24 34 278
24 39 293
24 40 278
24 44 218
24 47 270
24 48 692
24 49 187
24 52 866
24 54 180
24 56 382
24 57 216
24 59 668
24 60 975
24 65 192
24 67 160
24 68 382
24 73 401
24 78 249
24 80 152
24 83 235
24 95 307
24 96 418
24 105 232
24 108 207
24 122 463
24 123 465
24 131 223
24 133 198
24 134 238
24 149 201
24 176 207
25 1 373
25 2 400
25 3 440
25 4 168
25 5 905
25 6 351
25 7 325
25 9 155
25 10 181
25 11 899
25 12 217
25 14 286
25 19 288
25 20 286
25 28 291
25 31 323
25 33 226
25 34 262
25 36 229
25 37 232
25 42 243
25 47 266
25 50 215
25 52 201
25 55 243
25 57 408
25 59 199
25 60 165
25 69 517
25 86 407
25 107 299
25 118 306
25 124 416
25 127 156
25 131 174
25 135 965
25 150 382
25 154 731
25 163 764
26 3 837
26 6 972
26 7 563
26 8 821
26 9 922
26 10 282
26 12 307
26 14 262
26 15 215
26 16 647
26 17 321
26 19 200
26 20 687
26 24 669
26 28 218
26 29 216
26 30 650
26 31 594
26 33 800
26 38 232
26 39 235
26 44 210
26 45 229
26 48 343
26 50 274
26 52 245
26 56 641
26 59 726
26 61 167
26 62 459
26 63 226
26 68 641
26 70 180
26 75 218
26 83 800
26 90 425
26 94 162
26 108 250
26 118 457
26 122 246
26 126 176
26 139 188
26 156 424
27 7 171
27 12 162
27 50 156
27 71 367
27 72 274
27 120 877
28 1 260
28 2 996
28 3 930
28 4 187
28 5 227
28 6 568
28 7 466
28 9 215
28 12 514
28 14 476
28 15 217
28 16 302
28 17 218
28 24 932
28 25 291
28 26 218
28 29 215
28 31 791
28 32 285
28 33 216
28 36 217
28 37 279
28 38 491
28 41 633
28 42 745
28 43 226
28 45 805
28 47 673
28 52 216
28 53 190
28 54 165
28 55 221
28 58 647
28 64 452
28 66 849
28 69 243
28 75 173
28 79 414
28 81 357
28 85 152
28 88 154
28 91 238
28 92 493
28 107 996
28 109 208
28 113 247
28 125 273
28 138 273
28 163 363
29 1 968
29 2 933
29 3 279
29 4 781
29 5 168
29 6 943
29 7 215
29 8 275
29 9 225
29 11 168
29 12 275
29 13 576
29 15 215
29 16 810
29 17 217
29 19 321
29 20 979
29 21 418
29 23 277
29 24 277
29 26 216
29 28 215
29 30 286
29 32 283
29 33 367
29 35 818
29 37 235
29 38 221
29 39 346
29 42 801
29 45 219
29 50 236
29 51 217
29 52 215
29 54 177
29 55 162
29 56 377
29 57 215
29 58 218
29 61 160
29 66 346
29 68 377
29 73 290
29 74 170
29 75 216
29 83 435
29 88 240
29 89 169
29 94 273
29 124 230
29 131 210
29 139 224
29 143 221
29 144 221
30 1 929
30 2 215
30 4 427
30 6 954
30 9 245
30 10 562
30 13 446
30 16 212
30 17 967
30 19 283
30 20 908
30 21 998
30 22 223
30 24 999
30 26 650
30 29 286
30 33 650
30 39 416
30 40 223
30 42 901
30 44 193
30 45 234
30 48 207
30 52 851
30 54 168
30 56 574
30 57 899
30 65 179
30 66 221
30 68 574
30 70 218
30 83 619
30 87 163
30 98 221
30 100 212
30 110 321
30 122 942
30 123 274
30 126 268
30 129 165
30 162 402
31 1 218
31 2 838
31 3 617
31 4 825
31 5 151
31 6 846
31 7 813
31 9 217
31 10 192
31 11 210
31 12 192
31 14 218
31 15 218
31 16 288
31 21 215
31 23 217
31 24 514
31 25 323
31 26 594
31 28 791
31 33 217
31 34 218
31 36 218
31 38 229
31 40 335
31 41 283
31 42 223
31 45 227
31 47 977
31 48 419
31 55 223
31 58 359
31 61 299
31 72 520
31 91 245
31 92 238
31 103 528
31 107 249
31 125 619
31 134 168
31 153 265
31 163 283
32 1 226
32 2 278
32 3 300
32 5 353
32 6 914
32 7 528
32 9 292
32 12 288
32 19 173
32 21 215
32 28 285
32 29 283
32 33 157
32 34 154
32 36 291
32 37 302
32 43 243
32 57 219
32 66 286
32 91 269
32 98 995
32 102 200
32 129 959
32 149 619
33 1 902
33 3 308
33 4 319
33 5 227
33 6 545
33 7 363
33 8 370
33 9 607
33 10 710
33 12 232
33 13 282
33 15 215
33 17 218
33 18 154
33 19 981
33 20 976
33 22 834
33 23 235
33 24 216
33 25 226
33 26 800
33 28 216
33 29 367
33 30 650
33 31 217
33 32 157
33 36 217
33 40 173
33 42 221
33 44 433
33 47 288
33 56 348
33 57 216
33 60 934
33 62 286
33 63 619
33 65 218
33 68 348
33 74 152
33 77 232
33 87 191
33 100 296
33 107 243
33 118 262
33 122 172
33 126 238
34 1 300
34 2 795
34 3 555
34 5 623
34 6 218
34 7 312
34 9 217
34 11 281
34 12 215
34 13 270
34 14 820
34 17 612
34 24 278
34 25 262
34 31 218
34 32 154
34 37 442
34 41 165
34 49 559
34 53 270
34 59 221
34 75 379
34 79 218
34 80 165
34 89 221
34 93 595
34 95 171
34 98 308
34 105 235
34 110 478
34 156 332
34 167 472
35 1 555
35 2 215
35 4 922
35 5 156
35 10 786
35 11 924
35 14 221
35 16 198
35 19 324
35 29 818
35 33 800
35 47 227
35 50 580
35 59 902
35 61 784
35 63 232
35 75 905
35 82 185
35 88 687
35 108 207
35 123 537
35 128 195
35 137 313
35 140 198
35 148 198
35 157 993
36 1 959
36 2 215
36 3 256
36 6 260
36 7 326
36 9 389
36 12 215
36 13 474
36 14 218
36 20 290
36 25 229
36 28 217
36 31 218
36 32 291
36 33 217
36 37 219
36 42 546
36 47 234
36 51 295
36 55 224
36 80 284
36 82 605
36 98 475
36 99 235
36 101 162
36 107 252
36 108 232
36 126 217
36 129 327
36 143 352
36 152 247
36 172 297
37 1 953
37 2 930
37 3 538
37 4 215
37 5 986
37 6 361
37 7 929
37 8 168
37 10 218
37 12 275
37 14 365
37 19 217
37 21 229
37 25 232
37 28 279
37 29 235
37 32 302
37 34 442
37 36 219
37 39 347
37 41 899
37 42 993
37 43 899
37 49 613
37 51 156
37 57 344
37 65 221
37 69 257
37 77 241
37 101 257
37 116 358
37 124 972
37 145 229
37 150 316
37 166 234
38 2 699
38 3 278
38 4 826
38 6 172
38 10 224
38 15 215
38 16 274
38 22 172
38 26 232
38 28 491
38 29 221
38 31 229
38 39 832
38 45 999
38 49 333
38 52 800
38 54 818
38 57 168
38 58 574
38 59 299
38 64 720
38 66 917
38 72 182
38 74 321
38 75 228
38 81 866
38 92 279
38 106 160
38 107 229
38 109 199
38 112 168
39 1 327
39 2 999
39 3 314
39 4 711
39 6 235
39 7 219
39 8 963
39 9 216
39 10 287
39 11 977
39 13 783
39 14 350
39 16 352
39 17 385
39 19 305
39 22 857
39 23 619
39 24 293
39 26 235
39 29 346
39 30 416
39 37 347
39 38 832
39 41 964
39 44 243
39 45 491
39 49 683
39 50 238
39 58 258
39 60 334
39 63 176
39 64 176
39 66 396
39 67 257
39 73 778
39 76 428
39 78 191
39 80 176
39 84 226
39 86 369
39 89 249
39 95 727
39 100 255
39 115 313
39 134 555
40 1 282
40 3 298
40 4 368
40 5 218
40 6 221
40 7 961
40 12 215
40 14 219
40 15 215
40 16 346
40 20 367
40 22 238
40 24 278
40 30 223
40 31 335
40 33 173
40 45 313
40 49 249
40 54 160
40 55 845
40 58 329
40 60 294
40 64 290
40 66 274
40 68 224
40 73 254
40 74 245
40 77 243
40 80 645
40 92 218
40 100 344
40 105 176
40 115 251
40 118 329
40 127 358
40 134 306
40 166 298
41 2 747
41 3 503
41 4 275
41 5 229
41 7 948
41 8 276
41 9 832
41 10 800
41 12 162
41 14 199
41 15 215
41 16 820
41 19 216
41 21 215
41 23 217
41 28 633
41 31 283
41 34 165
41 37 899
41 39 964
41 43 228
41 44 180
41 45 392
41 47 263
41 50 218
41 54 391
41 55 221
41 62 655
41 70 228
41 84 969
41 89 204
41 92 805
41 95 198
41 99 232
41 103 185
41 105 210
41 115 251
41 118 726
41 146 160
42 1 302
42 2 362
42 3 297
42 4 274
42 6 224
42 7 217
42 9 240
42 10 965
42 12 287
42 13 180
42 14 830
42 16 488
42 20 903
42 21 281
42 22 183
42 25 243
42 28 745
42 29 801
42 30 901
42 31 223
42 33 221
42 36 546
42 37 993
42 43 156
42 45 344
42 47 251
42 49 191
42 50 286
42 55 234
42 70 839
42 86 355
42 102 224
42 107 630
42 124 411
42 143 939
42 158 215
43 1 215
43 2 925
43 3 218
43 4 992
43 5 216
43 7 218
43 11 900
43 12 217
43 16 899
43 19 556
43 22 899
43 23 227
43 28 226
43 32 243
43 37 899
43 41 228
43 42 156
43 47 160
43 49 288
43 54 919
43 73 208
43 91 294
43 94 180
43 101 196
43 103 969
43 109 288
43 111 899
44 1 454
44 3 454
44 5 389
44 6 977
44 7 177
44 8 627
44 9 287
44 12 832
44 13 160
44 14 167
44 17 203
44 19 995
44 22 333
44 23 218
44 24 218
44 26 210
44 30 193
44 33 433
44 39 243
44 41 180
44 48 233
44 50 469
44 52 152
44 55 305
44 56 469
44 57 218
44 59 159
44 60 238
44 68 469
44 70 177
44 79 221
44 81 543
44 83 530
44 94 160
44 96 218
44 100 549
44 103 308
44 104 581
44 119 189
44 122 162
44 127 255
44 135 271
44 176 159
45 2 788
45 3 282
45 4 573
45 5 216
45 8 241
45 14 154
45 15 824
45 16 458
45 20 219
45 21 215
45 26 229
45 28 805
45 29 219
45 30 234
45 31 227
45 38 999
45 39 491
45 40 313
45 41 392
45 42 344
45 54 810
45 58 816
45 59 298
45 64 808
45 65 151
45 66 879
45 73 174
45 75 297
45 77 268
45 81 710
45 84 180
45 92 864
45 93 291
45 107 534
45 138 438
46 9 153
46 68 171
46 91 276
46 120 555
47 1 759
47 2 548
47 3 218
47 4 999
47 6 235
47 7 379
47 8 165
47 9 216
47 11 999
47 12 999
47 14 154
47 23 402
47 24 270
47 25 266
47 28 673
47 31 977
47 33 288
47 35 227
47 36 234
47 41 263
47 42 251
47 43 160
47 48 333
47 54 196
47 55 251
47 59 975
47 61 530
47 67 240
47 68 168
47 89 780
47 90 418
47 92 291
47 95 243
47 107 313
47 127 168
47 137 333
47 142 152
48 2 568
48 3 599
48 4 277
48 5 151
48 6 947
48 7 369
48 8 564
48 12 933
48 14 229
48 15 215
48 19 221
48 20 916
48 24 692
48 26 343
48 30 207
48 31 419
48 44 233
48 47 333
48 54 238
48 56 589
48 57 302
48 59 748
48 61 328
48 62 337
48 64 228
48 68 589
48 69 166
48 72 172
48 77 184
48 93 221
48 96 899
48 98 200
48 129 351
48 131 167
48 177 251
49 2 999
49 3 221
49 4 873
49 5 283
49 6 246
49 7 224
49 9 218
49 11 779
49 14 311
49 16 247
49 19 844
49 20 205
49 22 247
49 23 982
49 24 187
49 34 559
49 37 613
49 38 333
49 39 683
49 40 249
49 42 191
49 43 288
49 57 217
49 58 274
49 60 400
49 65 780
49 66 243
49 68 258
49 77 344
49 90 699
49 91 571
49 111 562
49 156 587
50 1 947
50 2 216
50 4 899
50 5 215
50 7 229
50 9 218
50 10 890
50 11 899
50 14 219
50 16 216
50 17 223
50 19 972
50 20 916
50 25 215
50 26 274
50 27 156
50 29 236
50 35 580
50 39 238
50 41 218
50 42 286
50 44 469
50 52 218
50 57 157
50 58 229
50 63 296
50 75 218
50 76 296
50 84 217
50 89 561
50 94 305
50 100 185
50 140 191
50 144 171
50 148 191
50 154 152
50 166 218
51 2 230
51 9 423
51 15 215
51 23 639
51 29 217
51 36 295
51 37 156
51 63 710
51 76 458
51 78 308
51 82 270
51 99 932
51 113 210
51 116 274
51 152 960
52 1 849
52 2 227
52 4 218
52 10 308
52 13 814
52 16 224
52 19 216
52 20 943
52 21 915
52 22 217
52 23 720
52 24 866
52 25 201
52 26 245
52 28 216
52 29 215
52 30 851
52 33 973
52 38 800
52 44 152
52 50 218
52 55 971
52 60 822
52 62 224
52 65 218
52 66 217
52 67 313
52 77 376
52 85 564
52 107 241
52 122 479
52 130 241
52 131 221
52 138 270
52 140 198
52 148 198
53 6 278
53 13 241
53 14 766
53 28 190
53 34 270
53 71 899
53 86 505
53 102 352
53 110 553
53 113 237
53 114 899
53 159 554
54 1 665
54 3 165
54 4 191
54 5 221
54 6 299
54 8 162
54 12 925
54 14 285
54 15 215
54 16 701
54 19 157
54 22 218
54 23 183
54 24 180
54 28 165
54 29 177
54 30 168
54 38 818
54 40 160
54 41 391
54 43 919
54 45 810
54 47 196
54 48 238
54 56 177
54 58 894
54 59 324
54 64 340
54 66 346
54 68 177
54 77 236
54 81 302
54 90 249
54 92 281
54 93 469
54 101 165
54 133 313
55 1 837
55 2 215
55 3 305
55 4 216
55 5 276
55 6 476
55 7 277
55 8 455
55 9 983
55 10 874
55 12 216
55 13 333
55 19 976
55 20 939
55 21 283
55 25 243
55 28 221
55 29 162
55 31 223
55 33 999
55 36 224
55 41 221
55 42 234
55 44 305
55 47 251
55 56 367
55 60 886
55 63 162
55 68 367
55 99 274
55 100 336
55 107 277
56 1 767
56 2 591
56 3 966
56 6 180
56 7 589
56 8 324
56 9 526
56 10 379
56 13 382
56 14 339
56 15 216
56 16 373
56 17 155
56 19 594
56 20 594
56 21 385
56 24 382
56 26 641
56 29 377
56 30 574
56 33 348
56 44 469
56 48 589
56 54 177
56 55 367
56 60 313
56 61 254
56 70 274
56 74 162
56 78 245
56 81 157
56 83 924
56 94 385
56 97 170
56 98 254
56 108 154
56 109 199
56 112 195
56 119 187
56 126 235
56 157 199
57 1 417
57 2 226
57 3 307
57 4 799
57 5 456
57 6 217
57 7 245
57 8 216
57 9 216
57 11 217
57 19 816
57 21 235
57 23 196
57 24 216
57 25 408
57 29 215
57 30 899
57 32 219
57 33 216
57 37 344
57 38 168
57 44 218
57 48 302
57 49 217
57 50 157
57 62 530
57 66 217
57 69 227
57 77 329
57 79 217
57 85 184
57 88 215
57 90 240
57 91 202
57 96 157
57 118 257
57 130 319
57 131 221
58 2 999
58 3 217
58 4 643
58 5 216
58 7 218
58 8 151
58 10 619
58 11 204
58 12 216
58 19 184
58 20 218
58 28 647
58 29 218
58 31 359
58 38 574
58 39 258
58 40 329
58 45 816
58 49 274
58 50 229
58 54 894
58 64 659
58 65 782
58 66 781
58 68 242
58 73 508
58 75 389
58 77 265
58 81 328
58 105 293
58 112 374
58 130 443
59 1 974
59 2 819
59 3 277
59 4 834
59 5 215
59 6 151
59 7 685
59 9 215
59 11 666
59 12 268
59 15 215
59 16 305
59 19 257
59 23 817
59 24 668
59 25 199
59 26 726
59 31 268
59 34 221
59 35 902
59 38 299
59 44 159
59 45 298
59 47 975
59 48 748
59 54 324
59 61 329
59 72 712
59 75 903
59 92 441
59 100 151
59 108 213
60 1 430
60 2 394
60 3 345
60 5 280
60 6 879
60 8 771
60 9 229
60 13 829
60 14 275
60 16 549
60 17 182
60 20 429
60 21 216
60 22 897
60 23 205
60 24 975
60 25 165
60 33 934
60 39 334
60 40 294
60 44 238
60 49 400
60 52 822
60 55 886
60 56 313
60 67 750
60 68 313
60 74 350
60 77 175
60 78 254
60 85 758
60 95 270
60 106 285
60 115 221
61 1 818
61 2 358
61 3 174
61 4 221
61 6 621
61 8 593
61 11 169
61 12 268
61 14 524
61 20 334
61 23 234
61 26 167
61 29 160
61 31 299
61 35 784
61 47 530
61 48 328
61 56 254
61 59 329
61 62 221
61 65 605
61 68 254
61 70 281
61 75 152
61 86 396
61 88 983
61 92 307
61 93 190
61 94 154
61 103 154
61 122 243
61 123 985
61 139 177
62 2 391
62 4 765
62 8 473
62 11 688
62 13 224
62 14 215
62 17 171
62 21 216
62 23 288
62 26 459
62 33 286
62 41 655
62 48 337
62 52 224
62 57 530
62 61 221
62 67 238
62 70 262
62 118 939
62 138 603
62 146 895
63 4 217
63 7 217
63 9 215
63 10 212
63 11 224
63 12 216
63 15 286
63 22 185
63 23 301
63 26 226
63 33 619
63 35 232
63 39 176
63 51 710
63 55 162
63 65 229
63 76 960
63 79 680
63 82 157
63 94 259
63 99 181
63 126 196
63 132 543
63 137 353
63 140 198
63 145 286
63 148 198
64 1 221
64 2 998
64 3 173
64 4 307
64 5 215
64 6 385
64 12 215
64 13 216
64 14 514
64 15 781
64 17 221
64 19 283
64 20 276
64 21 215
64 23 159
64 28 452
64 38 720
64 39 176
64 40 290
64 45 808
64 48 228
64 54 340
64 58 659
64 66 798
64 73 249
64 75 268
64 80 202
64 81 649
64 86 327
64 92 238
64 127 165
64 145 286
64 171 276
65 2 985
65 3 197
65 4 920
65 5 215
65 6 264
65 7 216
65 10 154
65 11 577
65 12 154
65 13 216
65 16 562
65 24 192
65 30 179
65 33 218
65 37 221
65 45 151
65 49 780
65 52 218
65 58 782
65 61 605
65 63 229
65 68 677
65 75 407
65 77 347
65 84 167
65 94 246
65 155 605
65 166 176
66 2 999
66 5 430
66 7 216
66 10 312
66 15 609
66 16 216
66 20 216
66 28 849
66 29 346
66 30 221
66 32 286
66 38 917
66 39 396
66 40 274
66 45 879
66 49 243
66 52 217
66 54 346
66 57 217
66 58 781
66 64 798
66 75 337
66 76 242
66 77 241
66 97 251
66 107 741
66 119 165
67 2 216
67 4 704
67 5 330
67 7 882
67 8 217
67 11 908
67 12 215
67 13 600
67 20 217
67 22 815
67 24 160
67 39 257
67 47 240
67 52 313
67 60 750
67 62 238
67 71 347
67 73 218
67 74 357
67 78 966
67 79 201
67 81 260
67 105 457
67 112 171
67 142 773
68 1 767
68 2 655
68 3 686
68 4 219
68 5 215
68 6 631
68 7 589
68 8 363
68 9 526
68 13 382
68 14 339
68 16 373
68 17 155
68 19 594
68 20 657
68 21 385
68 24 382
68 26 641
68 29 377
68 30 574
68 33 348
68 40 224
68 44 469
68 46 171
68 47 168
68 48 589
68 49 258
68 54 177
68 55 367
68 58 242
68 60 313
68 61 254
68 65 677
68 70 274
68 77 251
68 81 154
68 83 292
68 94 385
68 98 254
68 126 235
69 1 156
69 2 692
69 3 224
69 5 153
69 6 434
69 7 228
69 8 238
69 14 226
69 17 221
69 19 174
69 25 517
69 28 243
69 37 257
69 48 166
69 57 227
69 87 904
69 106 369
69 117 903
69 152 303
70 1 848
70 3 494
70 4 339
70 5 803
70 6 543
70 8 991
70 12 217
70 13 219
70 14 337
70 16 278
70 19 221
70 21 227
70 23 163
70 26 180
70 30 218
70 41 228
70 42 839
70 44 177
70 56 274
70 61 281
70 62 262
70 68 274
70 72 259
70 79 346
70 92 281
70 135 870
70 136 430
70 144 226
71 4 183
71 13 576
71 27 367
71 53 899
71 67 347
71 73 842
71 88 210
71 89 201
71 113 378
71 114 899
71 115 419
72 1 160
72 2 553
72 3 247
72 4 229
72 7 218
72 8 909
72 13 635
72 15 215
72 16 297
72 20 172
72 21 216
72 22 399
72 27 274
72 31 520
72 38 182
72 48 172
72 59 712
72 70 259
72 74 575
72 81 177
72 86 188
72 87 277
72 109 374
72 112 208
72 124 408
72 144 308
73 1 235
73 3 223
73 7 491
73 8 235
73 12 221
73 13 834
73 14 246
73 17 408
73 19 234
73 24 401
73 29 290
73 39 778
73 40 254
73 43 208
73 45 174
73 58 508
73 64 249
73 67 218
73 71 842
73 77 207
73 112 199
73 127 170
73 140 358
73 142 168
73 157 154
73 173 198
74 2 201
74 4 318
74 13 635
74 17 263
74 18 396
74 20 156
74 22 830
74 23 180
74 29 170
74 33 152
74 38 321
74 40 245
74 56 162
74 60 350
74 67 357
74 72 575
74 78 863
74 81 191
74 85 544
74 90 347
74 109 554
74 112 154
75 2 961
75 3 215
75 4 285
75 5 217
75 10 217
75 14 425
75 15 283
75 16 216
75 26 218
75 28 173
75 29 216
75 34 379
75 35 905
75 38 228
75 45 297
75 50 218
75 58 389
75 59 903
75 61 152
75 64 268
75 65 407
75 66 337
75 81 700
75 92 581
76 1 446
76 2 190
76 7 154
76 9 190
76 10 165
76 11 286
76 15 508
76 39 428
76 51 458
76 63 960
76 66 242
76 82 540
76 107 152
76 109 221
76 126 273
76 132 683
76 134 277
76 150 276
77 2 843
77 3 267
77 4 607
77 5 567
77 6 365
77 7 482
77 9 375
77 10 415
77 13 378
77 16 284
77 20 155
77 21 593
77 33 232
77 37 241
77 40 243
77 45 268
77 48 184
77 49 344
77 52 376
77 54 236
77 57 329
77 58 265
77 60 175
77 65 347
77 66 241
77 68 251
77 73 207
77 80 180
77 118 367
77 131 448
77 146 230
78 1 157
78 4 282
78 5 160
78 7 218
78 10 208
78 13 348
78 15 283
78 16 279
78 17 288
78 20 279
78 22 436
78 24 249
78 39 191
78 51 308
78 56 245
78 60 254
78 67 966
78 74 863
78 81 294
78 85 243
78 96 260
78 99 279
78 131 627
78 148 507
79 1 833
79 2 746
79 3 399
79 4 152
79 5 215
79 7 282
79 8 288
79 10 968
79 12 247
79 13 229
79 14 281
79 16 216
79 23 579
79 28 414
79 34 218
79 44 221
79 57 217
79 63 680
79 67 201
79 70 346
79 80 185
79 93 825
79 96 235
79 112 443
79 136 347
80 2 907
80 3 635
80 4 243
80 5 261
80 7 786
80 8 321
80 9 231
80 14 171
80 16 216
80 24 152
80 34 165
80 36 284
80 39 176
80 40 645
80 64 202
80 77 180
80 79 185
80 82 169
80 94 166
80 100 677
80 101 154
80 129 471
80 145 554
81 2 997
81 6 357
81 16 232
81 28 357
81 38 866
81 44 543
81 45 710
81 54 302
81 56 157
81 58 328
81 64 649
81 67 260
81 68 154
81 72 177
81 74 191
81 75 700
81 78 294
81 86 619
81 96 306
81 97 262
81 109 157
81 112 296
82 5 218
82 9 416
82 15 815
82 35 185
82 36 605
82 51 270
82 63 157
82 76 540
82 80 169
82 129 722
82 140 154
82 148 170
82 152 186
83 1 687
83 3 899
83 6 924
83 9 257
83 10 279
83 13 837
83 17 808
83 20 659
83 21 299
83 22 619
83 24 235
83 26 800
83 29 435
83 30 619
83 44 530
83 56 924
83 68 292
83 119 500
84 1 215
84 2 215
84 9 851
84 12 227
84 15 215
84 17 218
84 18 439
84 19 216
84 39 226
84 41 969
84 45 180
84 50 217
84 65 167
84 89 218
84 91 235
84 93 176
84 95 227
84 97 185
84 100 324
84 118 255
84 123 184
84 124 238
85 2 318
85 4 313
85 5 288
85 6 633
85 7 228
85 11 556
85 13 726
85 17 234
85 18 363
85 20 307
85 21 218
85 22 809
85 23 514
85 28 152
85 52 564
85 57 184
85 60 758
85 74 544
85 78 243
85 91 680
85 132 369
86 1 172
86 23 231
86 25 407
86 39 369
86 42 355
86 53 505
86 61 396
86 64 327
86 72 188
86 81 619
86 93 929
86 108 419
86 134 528
87 5 159
87 8 182
87 9 232
87 17 266
87 30 163
87 33 191
87 69 904
87 72 277
87 106 593
87 117 904
87 155 160
88 8 525
88 11 154
88 13 227
88 16 238
88 20 229
88 28 154
88 29 240
88 35 687
88 57 215
88 61 983
88 71 210
88 92 205
88 123 909
88 146 151
88 151 252
89 1 158
89 3 443
89 4 216
89 7 171
89 9 507
89 12 216
89 15 215
89 17 155
89 19 218
89 21 218
89 29 169
89 34 221
89 39 249
89 41 204
89 47 780
89 50 561
89 71 201
89 84 218
89 94 241
89 97 269
89 122 441
90 2 659
90 4 700
90 6 224
90 7 219
90 8 238
90 9 280
90 11 939
90 12 815
90 13 154
90 16 176
90 21 218
90 23 170
90 26 425
90 47 418
90 49 699
90 54 249
90 57 240
90 74 347
90 94 281
90 104 339
90 105 165
90 137 400
91 1 216
91 2 277
91 3 290
91 4 869
91 5 280
91 7 748
91 12 221
91 28 238
91 31 245
91 32 269
91 43 294
91 46 276
91 49 571
91 57 202
91 84 235
91 85 680
91 103 319
91 151 427
92 1 229
92 2 311
92 3 531
92 4 221
92 6 243
92 7 286
92 8 229
92 12 268
92 14 202
92 15 577
92 16 813
92 23 234
92 28 493
92 31 238
92 38 279
92 40 218
92 41 805
92 45 864
92 47 291
92 54 281
92 59 441
92 61 307
92 64 238
92 70 281
92 75 581
92 88 205
92 125 396
93 1 221
93 2 740
93 3 306
93 13 249
93 34 595
93 45 291
93 48 221
93 54 469
93 61 190
93 79 825
93 84 176
93 86 929
93 95 346
93 96 307
93 115 414
94 1 453
94 4 685
94 7 281
94 8 243
94 10 999
94 11 543
94 12 218
94 13 291
94 20 287
94 22 165
94 26 162
94 29 273
94 43 180
94 44 160
94 50 305
94 61 154
94 63 259
94 65 246
94 80 166
94 89 241
94 90 281
95 22 991
95 24 307
95 34 171
95 39 727
95 41 198
95 47 243
95 60 270
95 84 227
95 93 346
95 113 193
95 125 466
96 1 899
96 6 899
96 7 331
96 9 474
96 11 191
96 13 770
96 19 213
96 24 418
96 44 218
96 48 899
96 57 157
96 78 260
96 79 235
96 81 306
96 93 307
96 99 548
96 100 268
96 168 191
97 5 395
97 11 217
97 15 216
97 19 168
97 56 170
97 66 251
97 81 262
97 84 185
97 89 269
97 105 246
97 112 559
97 157 154
97 173 216
98 1 836
98 6 840
98 7 716
98 30 221
98 32 995
98 34 308
98 36 475
98 48 200
98 56 254
98 68 254
98 129 169
98 140 198
98 148 198
99 1 243
99 2 216
99 5 174
99 7 517
99 9 992
99 13 559
99 36 235
99 41 232
99 51 932
99 55 274
99 63 181
99 78 279
99 96 548
100 1 286
100 3 219
100 7 428
100 9 369
100 12 218
100 17 246
100 19 228
100 30 212
100 33 296
100 39 255
100 40 344
100 44 549
100 50 185
100 55 336
100 59 151
100 80 677
100 84 324
100 96 268
100 126 286
101 4 351
101 5 418
101 7 228
101 12 221
101 14 150
101 15 217
101 36 162
101 37 257
101 43 196
101 54 165
101 80 154
101 119 250
101 143 259
101 146 162
101 150 154
101 155 312
102 1 724
102 3 159
102 14 159
102 15 784
102 22 159
102 32 200
102 42 224
102 53 352
102 142 165
102 158 521
103 12 288
103 31 528
103 41 185
103 43 969
103 44 308
103 61 154
103 91 319
103 111 899
103 139 640
104 1 168
104 8 226
104 9 436
104 19 271
104 23 288
104 44 581
104 90 339
104 116 475
104 119 266
104 132 238
105 1 216
105 2 297
105 4 221
105 8 229
105 9 217
105 12 682
105 24 232
105 34 235
105 40 176
105 41 210
105 58 293
105 67 457
105 90 165
105 97 246
105 116 428
105 133 393
106 9 193
106 13 290
106 14 305
106 15 234
106 21 152
106 38 160
106 60 285
106 69 369
106 87 593
106 108 192
106 154 196
107 1 217
107 2 696
107 3 754
107 5 272
107 6 255
107 7 383
107 9 218
107 12 221
107 15 217
107 25 299
107 28 996
107 31 249
107 33 243
107 36 252
107 38 229
107 42 630
107 45 534
107 47 313
107 52 241
107 55 277
107 66 741
107 76 152
108 13 195
108 19 232
108 23 769
108 24 207
108 26 250
108 35 207
108 36 232
108 56 154
108 59 213
108 86 419
108 106 192
108 127 388
108 146 399
109 1 548
109 8 168
109 15 342
109 28 208
109 38 199
109 43 288
109 56 199
109 72 374
109 74 554
109 76 221
109 81 157
109 110 174
109 119 363
109 157 191
110 6 345
110 8 176
110 13 361
110 14 338
110 17 343
110 20 764
110 30 321
110 34 478
110 53 553
110 109 174
110 113 723
111 2 683
111 12 198
111 15 163
111 19 314
111 22 281
111 43 899
111 49 562
111 103 899
112 6 165
112 10 260
112 15 318
112 19 152
112 38 168
112 56 195
112 58 374
112 67 171
112 72 208
112 73 199
112 74 154
112 79 443
112 81 296
112 97 559
113 4 326
113 28 247
113 51 210
113 53 237
113 71 378
113 95 193
113 110 723
113 114 311
114 53 899
114 71 899
114 113 311
115 3 346
115 10 156
115 12 820
115 17 286
115 19 173
115 21 322
115 23 195
115 39 313
115 40 251
115 41 251
115 60 221
115 71 419
115 93 414
116 9 159
116 19 343
116 37 358
116 51 274
116 104 475
116 105 428
116 140 255
116 148 255
117 7 366
117 69 903
117 87 904
118 2 393
118 3 234
118 4 606
118 5 287
118 7 201
118 8 180
118 9 224
118 12 229
118 17 243
118 19 228
118 25 306
118 26 457
118 33 262
118 40 329
118 41 726
118 57 257
118 62 939
118 77 367
118 84 255
119 1 159
119 5 437
119 6 899
119 7 366
119 12 229
119 19 163
119 44 189
119 56 187
119 66 165
119 83 500
119 101 250
119 104 266
119 109 363
120 27 877
120 46 555
121 22 723
121 147 619
122 1 416
122 4 285
122 5 284
122 9 180
122 13 297
122 19 587
122 20 958
122 21 217
122 24 463
122 26 246
122 30 942
122 33 172
122 44 162
122 52 479
122 61 243
122 89 441
123 20 286
123 21 505
123 23 190
123 24 465
123 30 274
123 35 537
123 61 985
123 84 184
123 88 909
123 126 247
124 1 291
124 5 162
124 7 174
124 10 429
124 16 241
124 21 219
124 25 416
124 29 230
124 37 972
124 42 411
124 72 408
124 84 238
124 149 279
125 1 221
125 2 386
125 3 240
125 4 191
125 5 230
125 6 825
125 7 246
125 11 245
125 12 193
125 13 195
125 15 501
125 23 283
125 28 273
125 31 619
125 92 396
125 95 466
125 130 430
126 1 398
126 3 289
126 6 235
126 9 187
126 10 346
126 26 176
126 30 268
126 33 238
126 36 217
126 56 235
126 63 196
126 68 235
126 76 273
126 100 286
126 123 247
127 5 703
127 14 326
127 25 156
127 40 358
127 44 255
127 47 168
127 64 165
127 73 170
127 108 388
127 142 199
128 15 185
128 35 195
128 131 174
128 141 736
129 1 193
129 3 160
129 9 221
129 30 165
129 32 959
129 36 327
129 48 351
129 80 471
129 82 722
129 98 169
130 5 221
130 7 198
130 8 258
130 10 241
130 13 229
130 20 232
130 52 241
130 57 319
130 58 443
130 125 430
131 1 188
131 2 384
131 10 406
131 16 518
131 20 218
131 24 223
131 25 174
131 29 210
131 48 167
131 52 221
131 57 221
131 77 448
131 78 627
131 128 174
132 21 221
132 63 543
132 76 683
132 85 369
132 104 238
133 2 429
133 3 154
133 6 291
133 8 230
133 12 160
133 16 184
133 22 835
133 24 198
133 54 313
133 105 393
133 153 265
134 2 277
134 4 251
134 7 171
134 12 199
134 16 154
134 24 238
134 31 168
134 39 555
134 40 306
134 76 277
134 86 528
135 4 819
135 5 993
135 11 959
135 23 247
135 25 965
135 44 271
135 70 870
136 5 252
136 13 405
136 22 899
136 70 430
136 79 347
137 2 353
137 4 827
137 10 201
137 11 628
137 12 317
137 23 407
137 35 313
137 47 333
137 63 353
137 90 400
138 1 221
138 2 221
138 3 240
138 4 838
138 6 291
138 11 800
138 14 286
138 16 256
138 17 306
138 28 273
138 45 438
138 52 270
138 62 603
139 1 216
139 15 216
139 26 188
139 29 224
139 61 177
139 103 640
140 1 157
140 7 190
140 8 196
140 10 190
140 12 198
140 13 313
140 21 198
140 35 198
140 50 191
140 52 198
140 63 198
140 73 358
140 82 154
140 98 198
140 116 255
141 15 495
141 128 736
142 4 373
142 5 245
142 12 258
142 15 168
142 47 152
142 67 773
142 73 168
142 102 165
142 127 199
143 10 591
143 13 518
143 21 667
143 29 221
143 36 352
143 42 939
143 101 259
144 3 284
144 6 383
144 8 568
144 11 619
144 14 559
144 29 221
144 50 171
144 70 226
144 72 308
145 37 229
145 63 286
145 64 286
145 80 554
146 4 252
146 5 238
146 41 160
146 62 895
146 77 230
146 88 151
146 101 162
146 108 399
147 2 466
147 12 267
147 14 477
147 121 619
148 3 319
148 10 190
148 12 198
148 13 260
148 21 198
148 35 198
148 50 191
148 52 198
148 63 198
148 78 507
148 82 170
148 98 198
148 116 255
149 1 188
149 10 162
149 14 917
149 20 163
