1 2 964
1 3 997
1 4 990
1 5 953
1 7 937
1 8 999
1 9 969
1 10 994
1 11 899
1 12 993
1 13 959
1 14 893
1 16 849
1 17 475
1 19 997
1 21 942
1 22 973
1 23 832
1 24 824
1 25 373
1 26 468
1 28 260
1 29 968
1 30 929
1 31 218
1 32 226
1 33 902
1 34 300
1 35 555
1 36 959
1 37 953
1 39 327
1 40 282
1 42 302
1 43 215
1 44 454
1 47 759
1 48 945
1 50 947
1 52 849
1 54 665
1 55 837
1 57 417
1 59 974
1 60 430
1 61 818
1 64 221
2 1 964
2 3 999
2 4 999
2 5 849
2 6 990
2 7 904
2 8 983
2 9 219
2 10 964
2 11 999
2 12 985
2 13 160
2 14 826
2 15 215
2 16 999
2 17 330
2 19 999
2 20 216
2 21 215
2 22 998
2 23 807
2 24 215
2 25 400
2 26 935
2 28 996
2 29 933
2 30 215
2 31 838
2 32 278
2 33 843
2 34 795
2 35 215
2 36 215
2 38 699
2 39 999
2 40 959
2 41 747
2 42 362
2 43 925
2 45 788
2 47 548
2 48 568
2 49 999
2 50 216
2 51 230
2 52 227
2 54 961
2 55 215
2 56 591
2 57 226
2 58 999
2 59 819
2 60 394
2 61 358
2 62 391
2 64 998
3 1 997
3 4 541
3 5 937
3 6 998
3 7 823
3 8 995
3 9 837
3 13 221
3 14 916
3 16 812
3 17 862
3 19 982
3 20 275
3 21 217
3 23 215
3 24 215
3 25 440
3 26 837
3 28 930
3 29 279
3 31 617
3 32 300
3 33 308
3 34 555
3 36 256
3 37 538
3 38 278
3 39 314
3 40 298
3 41 503
3 42 297
3 43 218
3 44 454
3 45 282
3 47 218
3 48 599
3 49 221
3 54 165
3 55 305
3 56 966
3 57 307
3 58 217
3 59 277
3 60 345
3 61 174
3 64 173
4 1 990
4 2 999
4 3 541
4 5 915
4 6 218
4 7 679
4 8 218
4 9 215
4 10 992
4 11 978
4 12 988
4 13 216
4 14 221
4 15 215
4 16 963
4 19 999
4 20 304
4 21 218
4 22 661
4 23 993
4 24 948
4 25 168
4 28 187
4 29 781
4 30 427
4 31 825
4 33 319
4 35 922
4 37 215
4 38 826
4 39 711
4 40 368
4 41 275
4 42 274
4 43 992
4 45 573
4 47 999
4 48 277
4 49 873
4 50 899
4 52 218
4 54 191
4 55 216
4 57 799
4 58 643
4 59 834
4 61 221
4 62 765
4 63 217
4 64 307
5 1 953
5 3 937
5 4 915
5 6 608
5 7 804
5 8 436
5 10 968
5 11 907
5 12 275
5 13 215
5 14 215
5 16 215
5 17 215
5 19 788
5 20 215
5 21 215
5 23 278
5 25 905
5 28 227
5 29 168
5 31 151
5 32 353
5 33 227
5 34 623
5 35 156
5 37 986
5 40 218
5 41 229
5 43 216
5 44 389
5 45 216
5 48 151
5 49 283
5 50 215
5 54 221
5 55 276
5 57 456
5 58 216
5 59 215
5 60 280
5 64 215
6 1 998
6 2 990
6 3 998
6 4 218
6 5 608
6 7 823
6 8 951
6 9 612
6 10 946
6 12 219
6 13 518
6 14 902
6 16 486
6 17 974
6 19 656
6 20 956
6 21 934
6 22 196
6 23 173
6 24 382
6 25 351
6 26 972
6 28 568
6 29 943
6 30 954
6 31 846
6 32 914
6 33 545
6 34 218
6 36 260
6 37 361
6 38 172
6 39 235
6 40 221
6 42 224
6 44 977
6 47 235
6 48 947
6 49 246
6 53 278
6 54 299
6 55 476
6 56 180
6 57 217
6 59 151
6 60 879
6 61 621
6 64 385
7 1 937
7 2 904
7 3 823
7 4 679
7 5 804
7 6 823
7 8 215
7 9 820
7 11 563
7 13 215
7 14 218
7 16 601
7 17 194
7 19 322
7 21 232
7 23 215
7 24 268
7 25 325
7 26 563
7 27 171
7 28 466
7 29 215
7 31 813
7 32 528
7 33 363
7 34 312
7 36 326
7 37 929
7 39 219
7 41 948
7 42 217
7 43 218
7 44 177
7 47 379
7 48 369
7 49 224
7 50 229
7 55 277
7 56 589
7 57 245
7 58 218
7 59 685
7 63 217
8 1 999
8 2 983
8 3 995
8 4 218
8 5 436
8 6 951
8 7 215
8 9 236
8 10 975
8 11 167
8 12 226
8 13 683
8 14 777
8 15 225
8 16 482
8 17 732
8 19 992
8 20 732
8 21 921
8 22 656
8 24 373
8 26 821
8 29 275
8 33 370
8 37 168
8 39 963
8 41 276
8 44 627
8 45 241
8 47 165
8 48 564
8 54 162
8 55 455
8 56 324
8 57 216
8 58 151
8 60 771
8 61 593
8 62 473
9 2 219
9 3 837
9 4 215
9 7 820
9 8 236
9 13 265
9 16 832
9 17 281
9 19 215
9 20 230
9 21 215
9 22 215
9 24 224
9 25 155
9 26 922
9 28 215
9 29 225
9 30 245
9 31 217
9 32 292
9 33 607
9 34 217
9 36 389
9 39 216
9 41 832
9 42 240
9 44 287
9 46 153
9 47 216
9 49 218
9 50 218
9 51 423
9 54 800
9 55 983
9 57 216
9 59 215
9 60 229
9 63 215
10 1 994
10 2 964
10 3 957
10 4 992
10 5 968
10 6 946
10 7 821
10 8 975
10 9 806
10 11 965
10 12 932
10 14 217
10 15 215
10 16 961
10 17 278
10 19 961
10 20 980
10 21 964
10 22 286
10 24 946
10 25 181
10 26 282
10 28 834
10 29 999
10 30 562
10 31 192
10 33 710
10 35 786
10 37 218
10 38 224
10 39 287
10 41 800
10 42 965
10 50 890
10 52 308
10 55 874
10 56 379
10 58 619
10 63 212
11 1 899
11 2 999
11 4 978
11 5 907
11 7 563
11 8 167
11 10 965
11 12 990
11 16 899
11 19 999
11 21 224
11 23 996
11 24 913
11 25 899
11 29 168
11 31 210
11 34 281
11 35 924
11 39 977
11 43 900
11 47 999
11 49 779
11 50 899
11 57 217
11 58 204
11 59 666
11 61 169
11 62 688
11 63 224
12 3 981
12 4 988
12 5 275
12 6 219
12 7 849
12 8 226
12 11 990
12 13 215
12 14 215
12 16 231
12 17 215
12 19 668
12 20 215
12 21 215
12 23 217
12 24 215
12 25 217
12 26 307
12 27 162
12 28 514
12 29 275
12 31 192
12 32 288
12 33 232
12 34 215
12 36 215
12 37 275
12 40 215
12 41 162
12 42 287
12 43 217
12 47 999
12 48 933
12 54 925
12 55 216
12 58 216
12 59 268
12 61 268
12 63 216
12 64 215
13 1 959
13 2 160
13 3 221
13 4 216
13 5 215
13 6 518
13 7 215
13 8 683
13 9 265
13 12 215
13 14 341
13 16 569
13 17 839
13 19 219
13 20 929
13 21 215
13 22 348
13 23 721
13 24 954
13 29 576
13 30 446
13 33 282
13 34 270
13 36 474
13 39 783
13 42 180
13 44 160
13 52 814
13 53 241
13 55 333
13 56 382
13 60 829
13 62 224
13 64 216
14 1 893
14 2 826
14 3 916
14 4 221
14 5 215
14 6 902
14 7 218
14 8 777
14 10 217
14 12 215
14 13 341
14 16 230
14 17 422
14 19 311
14 22 218
14 23 356
14 25 286
14 26 262
14 28 476
14 31 218
14 34 820
14 35 221
14 36 218
14 37 365
14 39 350
14 40 219
14 41 199
14 42 830
14 44 167
14 45 154
14 47 154
14 48 229
14 49 311
14 50 219
14 53 766
14 54 285
14 56 339
14 57 965
14 60 275
14 61 524
14 62 215
14 64 514
15 2 215
15 4 215
15 8 225
15 10 215
15 16 215
15 19 215
15 24 215
15 26 215
15 28 217
15 29 215
15 31 218
15 33 215
15 38 215
15 40 215
15 41 215
15 45 824
15 48 215
15 51 215
15 54 215
15 56 216
15 59 215
15 63 286
15 64 781
16 1 849
16 3 812
16 4 963
16 5 215
16 6 486
16 7 601
16 8 482
16 11 899
16 12 231
16 13 569
16 14 230
16 15 215
16 17 217
16 19 956
16 20 726
16 21 231
16 22 826
16 24 812
16 26 647
16 28 302
16 29 810
16 30 212
16 31 288
16 35 198
16 38 274
16 39 352
16 40 346
16 41 820
16 42 488
16 43 899
16 45 458
16 49 247
16 50 216
16 52 224
16 54 701
16 56 373
16 59 305
16 60 549
17 1 475
17 2 330
17 3 862
17 5 215
17 6 974
17 7 194
17 8 732
17 9 281
17 10 278
17 12 215
17 13 839
17 14 422
17 16 217
17 19 353
17 20 386
17 21 215
17 22 417
17 23 167
17 24 691
17 26 321
17 28 218
17 29 217
17 30 967
17 33 218
17 34 612
17 39 385
17 44 203
17 50 223
17 56 155
17 60 182
17 62 171
17 64 221
18 22 210
18 33 154
19 4 999
19 5 788
19 7 322
19 8 992
19 9 215
19 10 961
19 11 999
19 12 668
19 13 219
19 14 311
19 15 215
19 16 956
19 17 353
19 20 315
19 21 215
19 22 899
19 24 216
19 25 288
19 26 200
19 29 321
19 30 283
19 32 173
19 33 981
19 35 324
19 37 217
19 39 305
19 41 216
19 43 556
19 44 995
19 48 221
19 49 844
19 50 972
19 52 216
19 54 157
19 55 976
19 57 816
19 58 184
19 59 257
19 64 283
20 1 418
20 2 216
20 3 275
20 4 304
20 5 215
20 6 956
20 8 732
20 9 230
20 10 980
20 12 215
20 13 929
20 16 726
20 17 386
20 19 315
20 21 996
20 22 796
20 24 999
20 25 286
20 26 687
20 29 979
20 30 908
20 33 976
20 36 290
20 40 367
20 42 903
20 45 219
20 48 916
20 49 205
20 50 916
20 52 943
20 55 939
20 56 594
20 58 218
20 60 429
20 61 334
20 64 276
21 1 942
21 2 215
21 3 217
21 4 218
21 5 215
21 6 934
21 7 232
21 8 921
21 9 215
21 10 964
21 11 224
21 12 215
21 13 215
21 16 231
21 17 215
21 19 215
21 20 996
21 22 217
21 23 910
21 24 993
21 29 418
21 30 998
21 31 215
21 32 215
21 33 870
21 37 229
21 41 215
21 42 281
21 45 215
21 50 832
21 52 915
21 55 283
21 56 385
21 57 235
21 60 216
21 62 216
21 64 215
22 1 973
22 2 998
22 4 661
22 6 196
22 8 656
22 9 215
22 10 286
22 13 348
22 14 218
22 16 826
22 17 417
22 18 210
22 19 899
22 20 796
22 21 217
22 24 891
22 30 223
22 33 834
22 38 172
22 39 857
22 40 238
22 42 183
22 43 899
22 44 333
22 49 247
22 52 217
22 54 218
22 60 897
22 63 185
23 2 807
23 3 215
23 4 993
23 5 278
23 6 173
23 7 215
23 9 800
23 11 996
23 12 217
23 13 721
23 14 356
23 17 167
23 24 501
23 26 844
23 29 277
23 31 217
23 33 235
23 39 619
23 41 217
23 43 227
23 44 218
23 47 402
23 49 982
23 51 639
23 52 720
23 54 183
23 55 800
23 57 196
23 59 817
23 60 205
23 61 234
23 62 288
23 63 301
23 64 159
24 1 824
24 2 215
24 3 215
24 4 948
24 6 382
24 7 268
24 8 373
24 9 224
24 11 913
24 12 215
24 13 954
24 15 215
24 16 812
24 17 691
24 19 216
24 20 999
24 21 993
24 22 891
24 23 501
24 26 669
24 28 932
24 29 277
24 30 999
24 31 514
24 33 216
24 34 278
24 39 293
24 40 278
24 44 218
24 47 270
24 48 692
24 49 187
24 52 866
24 54 180
24 56 382
24 57 216
24 59 668
24 60 975
25 1 373
25 2 400
25 3 440
25 4 168
25 5 905
25 6 351
25 7 325
25 9 155
25 10 181
25 11 899
25 12 217
25 14 286
25 19 288
25 20 286
25 28 291
25 31 323
25 33 226
25 34 262
25 36 229
25 37 232
25 42 243
25 47 266
25 50 215
25 52 201
25 55 243
25 57 408
25 59 199
25 60 165
26 3 837
26 6 972
26 7 563
26 8 821
26 9 922
26 10 282
26 12 307
26 14 262
26 15 215
26 16 647
26 17 321
26 19 200
26 20 687
26 24 669
26 28 218
26 29 216
26 30 650
26 31 594
26 33 800
26 38 232
26 39 235
26 44 210
26 45 229
26 48 343
26 50 274
26 52 245
26 56 641
26 59 726
26 61 167
26 62 459
26 63 226
27 7 171
27 12 162
27 50 156
28 1 260
28 2 996
28 3 930
28 4 187
28 5 227
28 6 568
28 7 466
28 9 215
28 12 514
28 14 476
28 15 217
28 16 302
28 17 218
28 24 932
28 25 291
28 26 218
28 29 215
28 31 791
28 32 285
28 33 216
28 36 217
28 37 279
28 38 491
28 41 633
28 42 745
28 43 226
28 45 805
28 47 673
28 52 216
28 53 190
28 54 165
28 55 221
28 58 647
28 64 452
29 1 968
29 2 933
29 3 279
29 4 781
29 5 168
29 6 943
29 7 215
29 8 275
29 9 225
29 11 168
29 12 275
29 13 576
29 15 215
29 16 810
29 17 217
29 19 321
29 20 979
29 21 418
29 23 277
29 24 277
29 26 216
29 28 215
29 30 286
29 32 283
29 33 367
29 35 818
29 37 235
29 38 221
29 39 346
29 42 801
29 45 219
29 50 236
29 51 217
29 52 215
29 54 177
29 55 162
29 56 377
29 57 215
29 58 218
29 61 160
30 1 929
30 2 215
30 4 427
30 6 954
30 9 245
30 10 562
30 13 446
30 16 212
30 17 967
30 19 283
30 20 908
30 21 998
30 22 223
30 24 999
30 26 650
30 29 286
30 33 650
30 39 416
30 40 223
30 42 901
30 44 193
30 45 234
30 48 207
30 52 851
30 54 168
30 56 574
30 57 899
31 1 218
31 2 838
31 3 617
31 4 825
31 5 151
31 6 846
31 7 813
31 9 217
31 10 192
31 11 210
31 12 192
31 14 218
31 15 218
31 16 288
31 21 215
31 23 217
31 24 514
31 25 323
31 26 594
31 28 791
31 33 217
31 34 218
31 36 218
31 38 229
31 40 335
31 41 283
31 42 223
31 45 227
31 47 977
31 48 419
31 55 223
31 58 359
31 61 299
32 1 226
32 2 278
32 3 300
32 5 353
32 6 914
32 7 528
32 9 292
32 12 288
32 19 173
32 21 215
32 28 285
32 29 283
32 33 157
32 34 154
32 36 291
32 37 302
32 43 243
32 57 219
33 1 902
33 3 308
33 4 319
33 5 227
33 6 545
33 7 363
33 8 370
33 9 607
33 10 710
33 12 232
33 13 282
33 15 215
33 17 218
33 18 154
33 19 981
33 20 976
33 22 834
33 23 235
33 24 216
33 25 226
33 26 800
33 28 216
33 29 367
33 30 650
33 31 217
33 32 157
33 36 217
33 40 173
33 42 221
33 44 433
33 47 288
33 56 348
33 57 216
33 60 934
33 62 286
33 63 619
34 1 300
34 2 795
34 3 555
34 5 623
34 6 218
34 7 312
34 9 217
34 11 281
34 12 215
34 13 270
34 14 820
34 17 612
34 24 278
34 25 262
34 31 218
34 32 154
34 37 442
34 41 165
34 49 559
34 53 270
34 59 221
35 1 555
35 2 215
35 4 922
35 5 156
35 10 786
35 11 924
35 14 221
35 16 198
35 19 324
35 29 818
35 33 800
35 47 227
35 50 580
35 59 902
35 61 784
35 63 232
36 1 959
36 2 215
36 3 256
36 6 260
36 7 326
36 9 389
36 12 215
36 13 474
36 14 218
36 20 290
36 25 229
36 28 217
36 31 218
36 32 291
36 33 217
36 37 219
36 42 546
36 47 234
36 51 295
36 55 224
37 1 953
37 2 930
37 3 538
37 4 215
37 5 986
37 6 361
37 7 929
37 8 168
37 10 218
37 12 275
37 14 365
37 19 217
37 21 229
37 25 232
37 28 279
37 29 235
37 32 302
37 34 442
37 36 219
37 39 347
37 41 899
37 42 993
37 43 899
37 49 613
37 51 156
37 57 344
38 2 699
38 3 278
38 4 826
38 6 172
38 10 224
38 15 215
38 16 274
38 22 172
38 26 232
38 28 491
38 29 221
38 31 229
38 39 832
38 45 999
38 49 333
38 52 800
38 54 818
38 57 168
38 58 574
38 59 299
38 64 720
39 1 327
39 2 999
39 3 314
39 4 711
39 6 235
39 7 219
39 8 963
39 9 216
39 10 287
39 11 977
39 13 783
39 14 350
39 16 352
39 17 385
39 19 305
39 22 857
39 23 619
39 24 293
39 26 235
39 29 346
39 30 416
39 37 347
39 38 832
39 41 964
39 44 243
39 45 491
39 49 683
39 50 238
39 58 258
39 60 334
39 63 176
39 64 176
40 1 282
40 3 298
40 4 368
40 5 218
40 6 221
40 7 961
40 12 215
40 14 219
40 15 215
40 16 346
40 20 367
40 22 238
40 24 278
40 30 223
40 31 335
40 33 173
40 45 313
40 49 249
40 54 160
40 55 845
40 58 329
40 60 294
40 64 290
41 2 747
41 3 503
41 4 275
41 5 229
41 7 948
41 8 276
41 9 832
41 10 800
41 12 162
41 14 199
41 15 215
41 16 820
41 19 216
41 21 215
41 23 217
41 28 633
41 31 283
41 34 165
41 37 899
41 39 964
41 43 228
41 44 180
41 45 392
41 47 263
41 50 218
41 54 391
41 55 221
41 62 655
42 1 302
42 2 362
42 3 297
42 4 274
42 6 224
42 7 217
42 9 240
42 10 965
42 12 287
42 13 180
42 14 830
42 16 488
42 20 903
42 21 281
42 22 183
42 25 243
42 28 745
42 29 801
42 30 901
42 31 223
42 33 221
42 36 546
42 37 993
42 43 156
42 45 344
42 47 251
42 49 191
42 50 286
42 55 234
43 1 215
43 2 925
43 3 218
43 4 992
43 5 216
43 7 218
43 11 900
43 12 217
43 16 899
43 19 556
43 22 899
43 23 227
43 28 226
43 32 243
43 37 899
43 41 228
43 42 156
43 47 160
43 49 288
43 54 919
44 1 454
44 3 454
44 5 389
44 6 977
44 7 177
44 8 627
44 9 287
44 12 832
44 13 160
44 14 167
44 17 203
44 19 995
44 22 333
44 23 218
44 24 218
44 26 210
44 30 193
44 33 433
44 39 243
44 41 180
44 48 233
44 50 469
44 52 152
44 55 305
44 56 469
44 57 218
44 59 159
44 60 238
45 2 788
45 3 282
45 4 573
45 5 216
45 8 241
45 14 154
45 15 824
45 16 458
45 20 219
45 21 215
45 26 229
45 28 805
45 29 219
45 30 234
45 31 227
45 38 999
45 39 491
45 40 313
45 41 392
45 42 344
45 54 810
45 58 816
45 59 298
45 64 808
46 9 153
47 1 759
47 2 548
47 3 218
47 4 999
47 6 235
47 7 379
47 8 165
47 9 216
47 11 999
47 12 999
47 14 154
47 23 402
47 24 270
47 25 266
47 28 673
47 31 977
47 33 288
47 35 227
47 36 234
47 41 263
47 42 251
47 43 160
47 48 333
47 54 196
47 55 251
47 59 975
47 61 530
48 2 568
48 3 599
48 4 277
48 5 151
48 6 947
48 7 369
48 8 564
48 12 933
48 14 229
48 15 215
48 19 221
48 20 916
48 24 692
48 26 343
48 30 207
48 31 419
48 44 233
48 47 333
48 54 238
48 56 589
48 57 302
48 59 748
48 61 328
48 62 337
48 64 228
49 2 999
49 3 221
49 4 873
49 5 283
49 6 246
49 7 224
49 9 218
49 11 779
49 14 311
49 16 247
49 19 844
49 20 205
49 22 247
49 23 982
49 24 187
49 34 559
49 37 613
49 38 333
49 39 683
49 40 249
49 42 191
49 43 288
49 57 217
49 58 274
49 60 400
50 1 947
50 2 216
50 4 899
50 5 215
50 7 229
50 9 218
50 10 890
50 11 899
50 14 219
50 16 216
50 17 223
50 19 972
50 20 916
50 25 215
50 26 274
50 27 156
50 29 236
50 35 580
50 39 238
50 41 218
50 42 286
50 44 469
50 52 218
50 57 157
50 58 229
50 63 296
51 2 230
51 9 423
51 15 215
51 23 639
51 29 217
51 36 295
51 37 156
51 63 710
52 1 849
52 2 227
52 4 218
52 10 308
52 13 814
52 16 224
52 19 216
52 20 943
52 21 915
52 22 217
52 23 720
52 24 866
52 25 201
52 26 245
52 28 216
52 29 215
52 30 851
52 33 973
52 38 800
52 44 152
52 50 218
52 55 971
52 60 822
52 62 224
53 6 278
53 13 241
53 14 766
53 28 190
53 34 270
54 1 665
54 3 165
54 4 191
54 5 221
54 6 299
54 8 162
54 12 925
54 14 285
54 15 215
54 16 701
54 19 157
54 22 218
54 23 183
54 24 180
54 28 165
54 29 177
54 30 168
54 38 818
54 40 160
54 41 391
54 43 919
54 45 810
54 47 196
54 48 238
54 56 177
54 58 894
54 59 324
54 64 340
55 1 837
55 2 215
55 3 305
55 4 216
55 5 276
55 6 476
55 7 277
55 8 455
55 9 983
55 10 874
55 12 216
55 13 333
55 19 976
55 20 939
55 21 283
55 25 243
55 28 221
55 29 162
55 31 223
55 33 999
55 36 224
55 41 221
55 42 234
55 44 305
55 47 251
55 56 367
55 60 886
55 63 162
56 1 767
56 2 591
56 3 966
56 6 180
56 7 589
56 8 324
56 9 526
56 10 379
56 13 382
56 14 339
56 15 216
56 16 373
56 17 155
56 19 594
56 20 594
56 21 385
56 24 382
56 26 641
56 29 377
56 30 574
56 33 348
56 44 469
56 48 589
56 54 177
56 55 367
56 60 313
56 61 254
57 1 417
57 2 226
57 3 307
57 4 799
57 5 456
57 6 217
57 7 245
57 8 216
57 9 216
57 11 217
57 19 816
57 21 235
57 23 196
57 24 216
57 25 408
57 29 215
57 30 899
57 32 219
57 33 216
57 37 344
57 38 168
57 44 218
57 48 302
57 49 217
57 50 157
57 62 530
58 2 999
58 3 217
58 4 643
58 5 216
58 7 218
58 8 151
58 10 619
58 11 204
58 12 216
58 19 184
58 20 218
58 28 647
58 29 218
58 31 359
58 38 574
58 39 258
58 40 329
58 45 816
58 49 274
58 50 229
58 54 894
58 64 659
59 1 974
59 2 819
59 3 277
59 4 834
59 5 215
59 6 151
59 7 685
59 9 215
59 11 666
59 12 268
59 15 215
59 16 305
59 19 257
59 23 817
59 24 668
59 25 199
59 26 726
59 31 268
59 34 221
59 35 902
59 38 299
59 44 159
59 45 298
59 47 975
59 48 748
59 54 324
59 61 329
60 1 430
60 2 394
60 3 345
60 5 280
60 6 879
60 8 771
60 9 229
60 13 829
60 14 275
60 16 549
60 17 182
60 20 429
60 21 216
60 22 897
60 23 205
60 24 975
60 25 165
60 33 934
60 39 334
60 40 294
60 44 238
60 49 400
60 52 822
60 55 886
60 56 313
61 1 818
61 2 358
61 3 174
61 4 221
61 6 621
61 8 593
61 11 169
61 12 268
61 14 524
61 20 334
61 23 234
61 26 167
61 29 160
61 31 299
61 35 784
61 47 530
61 48 328
61 56 254
61 59 329
61 62 221
62 2 391
62 4 765
62 8 473
62 11 688
62 13 224
62 14 215
62 17 171
62 21 216
62 23 288
62 26 459
62 33 286
62 41 655
62 48 337
62 52 224
62 57 530
62 61 221
63 4 217
63 7 217
63 9 215
63 10 212
63 11 224
63 12 216
63 15 286
63 22 185
63 23 301
63 26 226
63 33 619
63 35 232
63 39 176
63 51 710
63 55 162
64 1 221
64 2 998
64 3 173
64 4 307
64 5 215
64 6 385
64 12 215
64 13 216
64 14 514
64 15 781
64 17 221
64 19 283
64 20 276
64 21 215
64 23 159
64 28 452
64 38 720
64 39 176
64 40 290
64 45 808
64 48 228
64 54 340
64 58 659
